"1" 0.93401757194964
"1" 0.933441375087232 0.933030785506264 0.933972601350985 0.933939702754939 0.934746508274502 0.934889341053376 0.933947663147513 0.934855515116973 0.038559698289735 0.933907560669882 0.935696231512746 -0.0701846929553818
"1" 0.086924165239279 0.085914514666011 0.0675854374587972 0.0675875506708291 0.055113192909225 0.0544822058022469 0.0675621282081838 0.0551611959530091 0.217397988864104 0.0675716495638991 0.0560333785691677 0.676232995318849
"1" 0.0865444958561318 0.0852667940569024 0.0673065599727991 0.0672744409384006 0.0537325954151571 0.0536484286073672 0.0672120687286994 0.0535702275213076 0.0529378900638248 0.0671332373544552 0.0540694418788544 0.0527004032227163
"1" 0.0782272157654702 0.0775859206981971 0.0597762674516355 0.0597545734038198 0.0528875518441917 0.0527924075053435 0.0598731879153459 0.0530015316922427 0.0526870328954088 0.0599004929021787 0.054118254700469 0.0531876461837495
"1" 0.9484
"2" 0.9491
"3" 0.9498
"4" 0.9495
"5" 0.9526
"6" 0.951
"7" 0.9527
"8" 0.9485
"9" 0.0148
"10" 0.9495
"11" 0.9485
"12" 0.6793
"1" 0.9462 0.947 0.9483 0.9479 0.944 0.9463 0.9474 0.9445 0 0.9469 0.9412 0.0391
"1" 0.9237 0.9218 0.9177 0.9177 0.9403 0.9421 0.9172 0.9411 0 0.9182 0.9423 0.0391
