"1" 0.193681774681516
"1" 0.19353352826702 0.193463646566059 0.193573767415732 0.193600342588948 0.193504847937182 0.193678064958387 0.19361394689016 0.193646876796616 0.0180519770990917 0.19362362248801 0.194004393366567 0.237852984829179
"1" 0.051303548381261 0.0202773941239124 0.0184026861009742 0.0184066541735622 0.0170305001468674 0.0166473635067972 0.018423057139521 0.0173704015821239 0.0736032158084184 0.0184122421342835 0.01708944070932 0.212970548022025
"1" 0.0519758125539845 0.0212493957931214 0.0195783334443462 0.019357178290845 0.0178834979888854 0.0177512623427444 0.0195654922206416 0.0178291654799987 0.0178233244215106 0.0192832886634716 0.0177976397587482 0.0173400915256564
"1" 0.0430432176718564 0.0194115258001603 0.017830863856987 0.0177212298233555 0.0169735155058617 0.0168728352769699 0.0178464196007616 0.0170072690476917 0.0169731190766357 0.0177940380431918 0.0171919443788461 0.0170993631408335
"1" 0.9503
"2" 0.9466
"3" 0.9488
"4" 0.9487
"5" 0.9472
"6" 0.9479
"7" 0.9472
"8" 0.9488
"9" 0.3366
"10" 0.9494
"11" 0.9485
"12" 0.9453
"1" 0.952 0.9589 0.9611 0.9587 0.9572 0.961 0.9604 0.9519 0.0239 0.9582 0.9579 0.134
"1" 0.9026 0.9351 0.9421 0.9412 0.9473 0.9516 0.9425 0.944 0.0227 0.9418 0.95 0.1317
