"1" 0.00393731055058116
"1" 0.00226563563327515 0.0022309752909701 0.00154927186295393 0.000555854025114074 0.00166133793169283 0.00075572519205657 0.00146776587548961
"1" 0.0352358207517377 0.0351994275964975 0.0381962995641631 0.0452123495349741 0.0351337292037985 0.0391221523860536 0.0357753965436557
"1" 0.0643082125179471 0.0642621059926702 0.0656800827691825 0.0549283570498825 0.0641605762374463 0.051699397045929 0.0640080164040553
"1" 0.0643082125179471 0.0642621059926702 0.0656800827691825 0.0549283570498825 0.0641605762374463 0.051699397045929 0.0640080164040553
"1" 0.954
"2" 0.948
"3" 0.964
"4" 0.954
"5" 0.95
"6" 0.952
"7" 0.942
"1" 1 1 1 0.982 1 0.988 1
"1" 1 1 1 0.982 1 0.988 1
