"1" 0.0241214131980823
"1" 0.0241688679264652 0.0242194966474239 0.024550499428333 0.0245766178941171 0.0245553479848635 0.0245937897464794 0.0251749691051017
"1" 0.0372341062394967 0.0372755052181051 0.0406684138339313 0.0496237667471587 0.0374414893466106 0.0428425393631629 0.0377352636496312
"1" 0.0659432780362748 0.0658869028784159 0.0676454350349281 0.0582133978762144 0.0657531589373357 0.0542764000722791 0.0655398800113609
"1" 0.0659432780362748 0.0658869028784159 0.0676454350349281 0.0582133978762144 0.0657531589373357 0.0542764000722791 0.0655398800113609
"1" 0.95004
"2" 0.9497
"3" 0.94986
"4" 0.9503
"5" 0.94982
"6" 0.94968
"7" 0.94992
"1" 0.99943 0.99941 0.99879 0.97789 0.9993 0.98637 0.99918
"1" 0.99943 0.99941 0.99879 0.97789 0.9993 0.98637 0.99918
